6039	13
6037	2
6033	2
6032	10
6031	17
6029	6
6028	2
6027	10
6026	2
6025	6
6024	32
6022	19
6021	10
6020	10
6019	2
6016	2
6014	32
6011	2
6007	10
6004	54
6003	2
6000	17
5995	5
5992	2
5991	24
5987	9
5985	17
5984	9
5981	34
5980	20
5979	20
5978	2
5976	2
5974	10
5971	21
5969	6
5966	2
5963	35
5960	7
5959	32
5958	2
5955	7
5953	42
5950	10
5949	48
5948	9
5947	20
5946	6
5945	32
5944	2
5943	2
5936	10
5934	2
5932	24
5931	2
5929	32
5928	54
5925	10
5924	22
5917	2
5914	7
5912	9
5908	2
5907	34
5904	54
5903	2
5902	19
5901	17
5899	17
5898	2
5896	2
5895	32
5894	2
5891	6
5890	24
5888	17
5887	27
5886	22
5885	46
5884	9
5883	6
5876	2
5874	19
5870	9
5867	17
5866	24
5864	6
5863	2
5862	2
5859	32
5856	22
5852	6
5851	13
5849	2
5847	20
5845	17
5844	17
5841	10
5840	27
5838	2
5836	42
5835	2
5834	2
5831	9
5830	25
5829	2
5826	19
5825	21
5823	42
5822	6
5818	2
5817	24
5815	2
5814	17
5813	2
5812	10
5807	10
5805	20
5804	22
5803	2
5801	2
5800	29
5798	2
5795	2
5794	25
5791	9
5788	2
5787	47
5786	26
5784	9
5783	24
5780	2
5779	7
5772	2
5771	2
5770	22
5768	17
5765	2
5764	46
5762	18
5760	32
5758	21
5757	10
5756	17
5755	2
5754	26
5753	21
5752	10
5751	17
5747	9
5744	10
5743	27
5742	2
5738	10
5737	26
5736	17
5727	27
5725	10
5722	29
5720	17
5718	2
5717	9
5714	10
5712	2
5711	10
5710	2
5707	6
5705	32
5702	2
5701	17
5700	10
5699	2
5698	29
5697	46
5708	10
5694	2
5692	2
5767	2
5691	24
5689	2
5687	9
5684	24
5683	26
5681	47
5680	2
5678	34
5677	6
5676	13
5675	32
5673	2
5672	2
5667	22
5665	2
5664	17
5662	7
5660	17
5657	10
5656	7
5655	2
5654	19
5651	9
5648	9
5646	10
5645	10
5643	22
5642	3
5641	22
5636	2
5635	35
5631	19
5629	13
5627	2
5626	42
5624	17
5622	40
5621	17
5620	48
5619	40
5617	32
5614	21
5613	42
5612	32
5610	2
5608	17
5607	2
5606	32
5833	2
5605	2
5602	17
5601	9
5598	19
5597	10
5596	54
5595	48
5592	46
5591	6
5590	2
5589	2
5587	2
5586	24
5584	48
5583	2
5579	27
5577	10
5576	2
5575	46
5573	22
5571	10
5569	46
5568	32
5564	29
5563	2
5562	2
5561	32
5560	9
5559	6
5557	22
5555	6
5553	6
5551	2
5550	2
5548	2
5547	9
5546	32
5543	24
6006	34
5541	17
5540	2
5539	17
5535	14
5533	10
5532	2
5531	2
5529	21
5527	17
5526	2
5524	2
5522	40
5515	9
5513	2
5512	17
5511	40
5510	43
5508	2
5506	24
5505	2
5503	5
5502	2
5500	53
5499	2
5496	10
5495	24
5493	17
5489	19
5488	10
5962	10
5486	10
5484	6
5483	6
5482	32
5480	36
5479	32
5478	32
5477	2
5472	10
5776	17
5470	2
5467	48
5462	20
5459	17
5454	19
5453	17
5452	29
5449	13
5448	19
5447	27
5446	32
5580	10
5445	20
5440	48
5439	2
5437	9
5434	2
5429	22
5428	9
5425	40
5422	17
5421	32
5418	17
5417	13
5415	2
5414	2
5413	10
5412	48
5411	29
5525	20
5409	2
5407	22
5406	2
5405	22
5397	2
5396	48
5395	6
5394	24
5392	9
5391	2
5390	2
5387	2
5385	19
5384	10
5383	22
5382	2
5381	10
5380	2
5379	2
5377	24
5375	48
5374	2
5372	2
5370	13
5365	9
5364	7
5358	42
5357	2
5940	2
5356	24
5355	2
5351	22
5350	2
5843	6
5348	13
5344	46
5474	21
5342	22
5341	10
5339	9
5338	10
5333	2
5332	4
5330	32
5329	2
5328	3
5325	2
5318	29
5315	24
5314	2
5313	2
5308	2
5307	2
5303	2
5302	2
5301	22
5298	2
5297	6
5632	2
5296	2
5331	19
5293	29
5292	10
5291	2
5290	17
5286	40
5284	24
5283	10
5282	29
5281	22
5280	40
5279	2
5277	6
5273	2
5271	10
5942	2
5270	13
5269	6
5268	13
5266	36
5262	10
5261	2
5260	17
5258	17
5255	5
5253	19
5252	17
5250	9
5247	32
5245	24
5244	2
5243	2
5242	2
5240	32
5237	2
5234	2
5630	17
5232	9
5231	6
5230	2
5229	10
5226	19
5222	13
5219	14
5218	19
5792	2
5287	2
5216	6
5215	2
5210	6
5209	2
5206	2
5205	2
5204	7
5202	2
5200	17
5198	2
5197	9
5196	36
5398	19
5194	17
5191	2
5327	2
5186	6
5184	22
5183	7
5182	32
5181	32
5179	17
5178	2
5802	2
5177	27
5175	2
5174	2
5173	2
5172	19
5740	2
5171	13
5360	22
5170	36
5168	10
5167	2
5166	29
5163	17
5162	27
5161	2
5227	2
5159	2
5157	22
5156	17
5155	21
5153	36
5152	27
5151	2
5148	2
5147	9
5146	2
5145	2
5144	2
5140	6
5136	32
5132	2
5131	17
5129	2
5128	6
5125	32
5124	2
5123	13
5122	36
5121	2
5119	48
5118	2
5117	19
5114	2
5110	51
5109	2
5107	13
5105	32
5104	2
5102	34
5100	2
5097	17
5096	17
5095	13
5321	32
5094	17
5090	40
5088	2
5087	6
5085	13
5084	20
5082	7
5872	10
5078	2
5077	6
5076	13
5072	2
5071	6
5069	21
5066	2
5064	46
5063	17
5061	2
5060	22
5059	2
5239	2
5058	19
5057	2
5363	21
5054	2
5052	29
5335	10
5047	17
5046	7
5045	15
5042	2
5041	21
5038	17
5037	13
5492	21
5035	24
5032	2
5031	32
5030	2
5026	2
5025	5
5023	17
5021	2
5017	20
5016	2
5015	9
5014	33
5013	6
5011	2
5009	2
5008	17
5007	48
5004	27
5002	19
4999	42
4998	32
4996	2
4995	2
4993	6
4991	2
4989	2
4987	2
4986	19
4985	2
4984	34
4983	17
4982	22
4981	10
4980	13
4979	13
4978	35
4974	10
4973	2
4972	17
5713	36
4971	54
4969	2
4967	2
4965	10
4964	19
4963	13
4962	9
5761	22
4961	13
4960	10
4959	2
4958	13
4957	26
4956	35
4953	32
4951	9
4949	21
4948	2
4947	20
4946	17
4944	48
4941	48
4934	2
4932	13
4931	21
4930	2
5450	10
4925	2
4924	2
4918	2
4917	46
4916	13
4915	32
4913	2
4912	2
4906	17
4904	17
4914	19
4903	26
4902	17
4899	2
4898	13
4897	13
4895	2
4893	2
4892	6
4891	6
4890	2
4889	32
4886	21
4882	2
4881	26
4879	2
5806	9
5386	51
4876	22
4875	2
4873	2
4872	2
4871	2
4870	2
4869	17
4867	29
4866	35
5251	17
4860	9
4859	2
4858	2
4857	17
4855	17
4854	19
4853	20
5827	2
5130	40
4852	10
4847	10
4846	17
4845	2
6008	2
4841	17
4840	10
4839	9
4838	2
4836	54
4835	2
4833	48
4831	10
4830	13
4829	22
4827	32
4826	24
4825	48
4823	13
4822	21
5034	46
4820	40
4819	2
4818	47
4817	2
4813	32
4810	2
4808	17
4807	5
4804	2
4803	2
4802	24
4800	34
4798	32
5288	18
4791	2
4790	10
4787	46
5726	24
4786	2
4785	40
4784	22
4782	2
4779	17
4777	2
4773	48
4771	17
4770	13
5769	17
4768	2
4767	9
4765	2
4764	20
4763	2
4843	2
4761	17
4760	2
4757	2
4756	17
4754	2
4753	40
5507	24
4751	2
4749	40
4747	27
4744	17
4742	2
4736	10
4735	7
5920	10
4734	17
4733	17
4731	42
4728	9
4727	42
4724	5
4723	2
4721	10
4719	24
4718	2
4717	22
4716	17
4713	17
5715	29
4711	2
4710	19
4706	2
4705	6
4703	22
4702	2
4766	2
4701	17
4698	19
5451	7
4697	2
4696	22
4695	2
4694	2
4693	17
4691	2
4689	2
4688	24
4686	10
4685	17
4683	17
4678	24
4677	36
4675	2
4674	21
4673	10
4672	42
4745	10
4671	2
5432	42
4670	19
4668	2
4666	17
4665	38
4664	2
4663	24
4660	48
4659	2
4658	7
4655	48
5075	32
4653	17
4652	13
4650	2
4649	32
4648	2
4646	18
4645	2
4643	9
4642	9
4641	2
4639	10
4638	2
4637	2
4636	40
4634	46
4633	17
4632	22
5954	46
4631	10
4630	10
4629	2
4626	32
5873	48
4625	21
4623	24
5073	35
4622	24
4621	2
4620	6
4619	9
4614	9
4612	19
4610	7
5733	13
4609	10
4608	6
5777	6
4607	32
4606	35
4605	32
4603	10
4601	9
5436	10
4600	19
4599	46
4597	17
4596	2
4595	10
4699	22
4594	17
4592	13
4590	46
4589	9
4588	32
4587	32
4586	2
5113	22
4585	24
4582	2
4581	10
4580	32
4571	22
4970	2
4566	2
4564	2
4559	21
4557	2
4554	2
4550	17
4549	24
4547	2
4546	2
4545	2
4544	2
4542	51
4821	2
4539	32
4538	2
4536	2
4570	19
4535	2
4534	46
4533	19
5036	9
4532	2
5049	32
4531	19
5019	10
4529	2
5256	17
4528	2
4526	2
4521	17
4520	29
4519	34
4518	2
4515	17
4514	2
4511	10
5860	17
4509	43
4507	35
5809	2
4506	46
4502	36
4501	16
4499	2
4498	9
4497	19
4492	2
5246	24
4491	2
4490	19
4489	26
4488	29
4486	19
6038	22
4482	9
4479	21
4478	10
5861	40
4477	21
4473	2
4472	13
4469	40
4467	17
4466	32
4465	10
4464	2
4463	2
4459	19
4458	13
4457	21
4456	48
4455	22
4454	24
4452	36
4451	9
4449	6
4447	15
4446	43
4444	36
4442	2
4441	2
4436	19
4434	24
4433	36
4537	2
4431	2
4427	24
4426	2
4423	2
4422	2
4421	46
4420	2
5537	17
4419	2
5650	2
4418	2
4417	20
4414	10
4413	24
4412	2
4411	19
4709	2
4410	35
4409	2
4407	43
5618	32
4405	29
4403	7
5323	7
4402	10
4399	2
4398	2
4397	2
5340	10
4392	2
4391	2
4390	2
4388	32
4384	2
4381	9
4380	48
4379	24
4378	21
5729	10
4375	10
4372	43
4371	2
5324	2
4370	24
4366	17
5999	40
4635	2
4363	54
4360	22
4359	32
5487	9
4358	24
4356	22
4354	6
4353	16
4352	10
5022	22
4350	34
5824	9
4349	10
4348	2
4347	2
4345	36
4385	42
4344	27
4343	15
4341	46
4572	17
4340	2
5464	2
4339	2
4338	19
4335	32
5101	10
4332	6
4909	10
4331	2
5671	2
4877	2
4326	6
4324	2
4323	17
4322	22
4321	40
4320	2
4319	10
4317	14
4333	54
4312	10
4310	2
4439	2
4309	7
4308	9
5990	22
4307	24
4306	2
4305	2
4304	42
4302	26
4301	40
4298	32
4602	2
4297	13
4296	36
5796	6
4294	2
4293	32
4290	34
4288	10
4287	2
4284	5
4283	19
4282	2
5881	6
4281	36
4280	32
4278	34
4277	2
4275	2
4273	19
5275	2
4432	48
4271	6
4598	22
4270	26
4269	2
4268	6
4267	27
4266	24
4265	24
4263	2
4262	24
4259	54
5763	2
4258	2
4256	32
4255	2
4254	2
5538	50
4252	48
4928	2
4249	34
4248	19
4247	10
4246	6
4244	6
4243	2
4242	34
4240	24
4236	19
5799	2
4235	24
4233	17
4231	24
4230	2
4227	2
4225	24
4224	9
4223	27
4222	6
4221	17
4712	2
4220	17
4219	32
4218	6
4213	2
4211	10
4210	2
4209	6
5628	17
4207	2
5911	10
4206	20
4204	2
4203	48
4201	2
4905	48
4200	2
4199	6
4198	2
4196	2
4483	27
4194	17
4193	32
5850	22
4192	48
4191	2
5750	24
4190	2
4184	54
4183	2
4181	6
4180	32
4179	2
4177	2
4176	10
4173	2
4172	10
6023	10
4170	32
4169	17
4167	9
4164	2
4163	2
4161	9
4160	36
5416	2
4159	6
4157	2
4155	34
4153	2
4150	36
4149	40
4148	2
4145	2
4144	2
4143	10
4142	10
4400	20
4141	2
4139	5
4138	7
4137	6
4131	10
4127	2
4124	2
4123	46
4885	6
4121	21
5857	48
4314	22
4118	36
5346	19
4117	48
6036	20
6017	6
4364	2
4115	7
4114	41
4113	48
4175	2
4112	36
5582	10
4111	27
4110	2
4109	2
4567	32
4495	54
4325	9
4108	2
4105	2
5688	21
4104	2
4102	17
4101	54
5316	21
4099	36
4096	2
4093	7
4092	48
4090	2
4088	4
4087	7
4086	24
4085	49
5855	10
4887	20
4084	4
4082	43
4080	17
4079	10
4077	13
4076	46
4067	2
4064	2
4062	2
5566	27
4060	2
4058	2
4990	2
4049	48
4046	19
5225	10
4045	2
4042	19
4041	42
5274	9
4040	47
4540	22
4038	2
4037	2
4512	2
4034	19
4031	34
4027	35
4025	46
4023	24
4021	48
4017	34
4015	43
4010	2
4006	40
4004	40
5029	24
4003	19
4001	10
5816	2
4000	32
3999	54
3998	42
3996	34
3995	19
3993	27
3992	46
3991	5
3990	24
4355	48
3988	32
3987	32
3984	9
3979	2
4234	9
3978	22
3977	48
3973	36
5285	32
3971	2
3968	2
4073	2
3967	19
3963	2
5027	2
4741	48
3961	2
3960	54
3958	2
3957	32
5773	2
5693	2
3955	36
3952	46
3948	2
3947	32
3941	42
3939	21
3938	2
5455	2
3937	24
3932	2
3930	29
3928	42
3920	9
3918	36
3916	19
3913	10
5376	2
3911	17
3909	48
5371	2
3907	17
4415	48
3904	10
3903	10
3898	24
3896	2
3893	13
3890	17
3887	20
3877	42
6018	19
5666	48
3872	2
3867	7
3866	2
3883	35
3983	19
3863	20
3861	2
3860	2
5465	13
5120	19
4562	2
3859	6
3856	32
6012	22
4584	29
3855	2
3853	9
3976	2
3849	7
3847	17
3846	46
3845	32
3841	26
4187	2
3840	43
4837	2
3839	32
3837	2
4018	2
3850	24
3836	13
3835	40
3828	21
5988	32
3826	19
3823	42
3819	6
3818	19
3814	10
3813	36
3812	17
3811	6
3810	10
3809	17
4505	43
3808	10
5310	2
3804	2
3801	2
3800	54
4640	2
3797	2
3795	27
3792	32
3790	9
3789	17
3786	2
4471	40
3784	2
5930	10
5741	17
4129	34
3781	2
5658	19
4382	2
3780	9
3824	48
4615	36
3777	14
3774	32
3770	34
3768	35
4337	2
3766	2
4089	20
3765	32
3763	2
4357	2
3762	10
3760	29
3757	2
5461	24
3755	40
3754	17
3748	32
3744	32
3741	10
3740	19
3739	2
3733	36
3731	20
3729	2
4644	22
4383	21
3728	14
3726	16
3725	46
3722	24
3721	2
3718	24
3717	20
5640	32
3711	19
3709	32
4253	2
3708	32
3706	2
3705	32
3702	36
3701	6
3695	9
3693	17
3692	35
3690	29
3746	2
3688	19
3682	21
3681	17
5877	23
3677	6
3674	35
3673	10
3671	10
3669	36
3668	14
3666	2
3665	10
4026	6
3659	6
3657	26
3653	29
3649	42
3646	2
3644	10
5832	9
3641	2
3638	32
5534	48
3637	24
3630	10
3627	24
3626	36
3625	47
3618	36
3614	17
3612	36
4146	10
3606	29
3605	2
3604	10
3838	19
3600	22
3599	27
3597	2
3595	17
5306	6
3593	10
3592	32
3589	35
3587	48
3586	2
3584	20
3807	42
3583	2
3576	32
3575	26
3573	36
3802	36
3572	2
3570	24
3569	2
4513	54
3566	10
3565	2
3854	19
3560	27
3929	20
3559	9
5456	29
3556	21
3555	10
3554	10
3550	9
3676	54
3548	2
3547	2
3546	13
3545	50
3543	2
5906	2
3541	2
4628	24
3540	2
3539	7
3538	25
3536	2
3535	19
3529	2
3527	54
3985	2
4851	20
3524	2
3520	26
3519	13
3518	21
3514	17
5139	40
3511	46
4156	36
3507	2
3506	25
3504	17
3503	9
3502	42
3500	20
3498	46
3497	9
5997	9
3496	24
5846	46
5609	2
3494	2
3488	10
3479	2
3477	2
4988	9
3473	20
3472	32
3470	14
3468	26
3466	17
3462	36
3461	21
3459	17
3458	2
3456	9
3455	6
3454	2
5523	22
3450	2
3445	2
3440	7
3758	32
3439	2
5790	17
5259	20
4842	17
3438	10
5668	2
4863	2
3434	17
3433	19
3431	10
3430	10
3429	13
3427	17
3426	2
3424	14
5485	2
3423	9
5441	9
3966	21
3422	46
3421	46
3419	21
4313	2
3417	9
3416	17
3415	46
3414	32
3412	17
3410	48
3407	10
3406	2
3404	2
3403	2
5207	19
3399	34
3395	2
3388	42
3453	7
3385	9
4342	7
3617	39
3381	2
3377	46
3374	36
3805	54
3373	17
3372	2
3369	48
3368	2
3367	10
4926	19
3363	9
4907	6
3360	34
3707	36
3358	17
3354	2
4848	10
3353	2
3350	24
3349	2
5133	17
3348	19
3347	2
3764	2
3345	20
4943	2
4815	7
4523	40
3339	9
3640	14
3338	9
3337	2
3336	24
5998	2
5158	2
3334	2
3333	9
4315	2
3327	9
3326	7
3325	2
3323	2
3687	48
3322	17
3380	2
3686	22
5388	6
3318	2
3315	2
5935	10
4908	32
3313	26
3311	4
3310	47
3307	5
3305	17
5889	33
3303	17
3302	2
3300	13
3299	26
3298	13
3719	9
3295	24
5967	2
4844	32
3290	2
4008	54
3510	46
4548	2
3288	2
4950	13
3286	2
3942	9
3283	2
3281	2
3280	34
3756	48
3279	14
3276	13
3613	10
3274	2
3273	29
3271	5
3270	40
3269	17
4002	2
4769	2
3264	42
3260	21
3256	10
3255	24
3254	2
3467	17
3253	2
3252	17
3248	17
3247	17
3246	2
3241	34
4122	54
3239	9
3238	2
4361	9
3236	36
3231	2
3230	10
4795	29
3229	19
3227	10
3225	17
3224	2
3223	51
3221	2
3217	24
5685	48
3216	40
3215	13
3214	2
3213	2
3577	46
3212	9
3210	17
3208	19
4033	17
3204	7
3490	42
3202	9
3201	19
3568	46
3198	19
4772	19
3192	24
3190	34
3185	2
3184	36
5295	17
3182	10
3181	14
3370	13
3177	6
3174	17
3631	2
4059	46
3169	10
3245	9
5585	2
5176	19
4272	2
3167	2
3163	24
3162	35
5276	48
5074	6
3732	9
5127	17
3155	19
3596	22
3149	24
3148	2
3997	54
5820	2
3147	10
3146	7
4806	17
3145	2
3137	22
3865	2
3134	17
3133	10
3130	17
3129	2
3128	14
3124	7
5400	9
5160	48
3259	48
3117	26
3115	10
3114	2
3111	9
3110	32
3109	48
4704	22
3106	2
3104	6
3102	2
3537	9
3101	2
3899	40
5187	22
3100	46
3452	48
3099	9
3096	2
3094	32
3093	24
3166	29
3956	12
3092	17
3091	6
4508	48
4154	2
3788	48
3087	2
3086	40
3085	9
3083	2
3080	42
3079	35
3076	6
3073	9
3071	32
4850	2
4568	19
3070	2
3068	19
3065	19
3064	21
3062	2
5509	10
3060	2
3785	9
3057	10
3054	46
3053	50
3051	6
3045	24
3042	2
3039	2
3036	9
3034	9
3032	19
3675	6
3031	5
3029	2
3126	2
3024	22
3022	24
3021	10
3020	2
3017	42
3016	13
3013	9
3945	40
3522	10
3011	29
3077	17
3010	6
4295	24
3009	6
3006	19
3004	6
4014	17
3088	2
3003	9
3002	6
3251	24
3309	9
3697	24
3001	13
2997	2
3609	47
2995	47
3384	36
4416	10
3516	32
5638	2
2993	34
3048	2
2992	10
2989	13
2988	6
4726	2
2983	2
2981	2
3437	24
4929	22
2980	2
2979	9
2978	2
2977	20
3533	10
2976	2
2975	32
2974	17
3935	2
5951	17
2969	9
3012	27
2968	29
2967	32
2966	50
3165	2
2965	32
2962	2
5983	6
2959	2
2958	24
2957	24
2951	17
2950	17
3926	19
2949	2
4884	2
3749	2
2948	24
2944	9
2943	32
2941	20
3131	2
2940	29
2937	46
2936	9
4071	48
2934	6
2956	10
4043	24
4493	10
2933	5
2931	2
3320	10
2930	7
2929	2
3023	34
3531	9
2986	24
6013	22
2928	48
5475	2
4737	22
2925	7
3551	2
2922	2
2921	10
3121	2
2920	6
2919	2
2917	21
2916	17
2910	24
2908	25
2970	2
2906	47
2902	19
3250	17
3908	24
4007	2
5964	24
2901	2
2900	48
3989	2
2899	46
3580	2
5203	2
2898	46
5724	2
2896	6
2895	40
4083	17
4651	17
2894	14
2889	34
3343	17
2887	46
2878	2
4182	7
2877	43
2876	2
2871	21
2870	2
3278	10
2865	10
2864	10
3689	7
3656	2
2863	24
2862	9
4286	34
2861	10
3206	54
2860	24
4425	2
2858	9
4732	10
2857	2
2856	42
3119	24
3652	6
2850	24
5212	2
2848	20
2847	29
3084	19
2843	9
2841	2
5352	17
2840	13
3308	46
2839	7
2837	17
2835	2
2833	2
5600	17
2832	24
2828	2
2825	20
2824	13
2823	7
2819	18
3902	10
2818	2
2817	29
2815	2
2814	2
2813	19
5368	13
2811	10
2810	17
2808	10
2806	20
2805	10
2803	34
3449	7
2802	17
4334	40
3263	2
2797	17
2796	2
2793	17
4239	10
2791	19
2827	24
3152	2
2790	17
2789	6
2788	6
2780	48
4036	2
2779	24
2776	47
3658	9
2775	21
2774	2
2773	46
2897	9
2770	7
2769	2
2768	22
2765	22
2764	34
2762	2
3969	7
2761	10
5347	2
2760	26
5986	2
5299	13
2755	46
3723	35
2754	2
3900	24
2750	32
2781	32
2749	13
3602	19
2748	10
2747	29
5466	2
2786	9
2744	40
2743	2
3203	32
5970	32
2741	6
2740	2
5366	25
2738	24
3176	9
4171	9
2737	9
2830	2
2736	21
2735	17
2888	22
2734	2
3095	6
2730	27
2729	10
4494	2
2726	6
2723	32
2722	32
2719	2
2715	2
2712	2
2708	2
2706	2
2763	13
2705	2
4047	5
4208	2
2700	19
2742	7
2698	22
2696	24
2695	2
2694	17
2693	2
2883	2
2692	20
4147	10
2691	19
5731	2
2690	48
2689	2
3552	19
2688	10
2686	2
2685	2
2680	32
2678	21
2676	2
3821	17
5137	10
2674	2
2673	9
2671	2
3342	36
3943	2
2670	2
5880	7
2669	13
5217	2
3484	17
5361	2
2667	32
2666	2
2664	42
2660	32
3261	32
2653	9
2649	2
2648	32
2816	10
2647	22
5977	48
4516	21
2646	2
3390	25
2681	2
5616	6
2644	40
2643	2
2640	21
2637	42
2636	24
2635	9
2633	13
2631	2
3226	21
2630	32
2627	9
2626	48
2625	2
2784	32
2624	54
2622	2
4617	6
2621	2
5249	11
2620	19
4072	2
2619	34
2984	46
2618	17
2617	2
2614	24
2613	2
2612	2
2611	2
2608	9
2605	2
2604	48
2603	24
2602	2
5679	17
2601	2
2599	9
2597	2
4013	54
4692	2
2592	1
2590	10
2913	32
5267	40
2585	17
2583	2
2927	26
2582	26
2581	2
3098	6
2580	20
5811	51
3356	9
2579	32
3844	17
2573	2
3923	17
2571	48
2893	34
2570	22
5819	2
2569	9
3055	34
2867	29
2568	2
2565	46
2564	40
2563	32
4569	36
2710	2
2559	2
2558	7
2557	2
2556	9
2555	2
4394	2
2846	46
2554	17
2550	24
2549	17
2548	2
2955	2
2547	24
2546	20
2545	17
2544	2
2542	2
3615	2
2541	2
2540	32
2911	2
2538	10
2536	27
2535	2
5961	2
2534	17
2533	2
3074	13
3581	10
3776	10
2532	32
3704	18
5345	2
3138	17
2531	2
2529	2
2524	2
2687	32
5055	27
2523	2
2522	10
2521	10
3007	2
2520	10
5644	46
2519	2
2518	2
4812	32
2513	2
2511	2
2510	2
2506	51
2505	32
2504	2
2503	48
4616	2
2502	10
4081	32
2501	2
3258	21
2500	17
4805	6
4186	17
2498	24
3446	10
2495	26
2494	2
3351	54
2492	6
3499	10
2491	10
2490	19
2489	2
2488	21
2487	2
2484	9
3611	10
4880	2
2482	2
2757	2
3588	34
2480	17
3478	24
2478	2
3175	2
2588	13
2704	2
5837	13
2477	20
2474	2
2473	2
2466	2
5721	20
2465	6
2464	48
3188	47
2457	19
2892	2
2455	46
2702	17
5749	17
4937	24
2453	40
4119	2
3720	9
2451	2
2449	2
2447	24
2446	2
2444	34
2443	22
2442	2
3864	2
2441	2
2886	47
2439	2
3157	29
2438	2
2903	2
2435	21
2434	10
3125	19
4351	47
4303	2
2432	2
4162	2
2431	2
5048	13
2428	10
2426	24
2543	18
4583	17
4524	2
2425	2
3933	46
3684	21
2424	2
2423	10
4923	17
2421	2
5652	9
2420	6
5458	32
4788	7
2417	32
2414	2
2413	46
2412	2
2410	27
2996	9
2409	17
2408	10
2407	2
5893	10
4799	46
2406	20
2804	17
3530	17
2403	10
2402	34
2452	39
2400	24
2398	2
3485	22
6002	13
5897	2
2396	2
2395	2
2399	2
2394	7
2393	10
2392	17
2385	22
3663	32
5789	10
2591	12
2383	2
2382	27
4504	40
2380	2
2379	40
2720	2
2377	19
2372	2
2952	24
3700	10
2371	9
2370	2
2368	2
2367	9
2365	2
3448	17
5916	46
2363	2
2362	2
4393	24
2360	2
2359	2
4604	9
2356	2
2355	2
3852	46
2354	17
3154	10
3654	2
4656	2
2353	6
5424	2
2351	54
2350	9
4215	36
2445	14
6034	9
2349	22
2347	10
5918	24
2344	2
2342	2
3664	46
2341	10
2340	2
2339	27
3735	19
4510	34
2337	6
2335	2
3633	2
2331	17
2939	2
3953	6
2327	2
2963	17
2324	24
2915	13
3505	9
2321	9
2971	19
2319	32
4525	17
2475	17
2318	2
2314	2
5732	48
3620	48
2312	6
4778	20
3619	7
2311	2
2310	2
2308	17
4158	2
4020	8
5098	19
2307	24
2306	9
2303	42
2724	2
2295	2
2293	17
2291	2
6005	22
5091	22
2290	2
2990	17
2389	32
2287	48
2284	2
2526	2
2281	19
2280	17
2279	9
5053	18
2278	26
2276	2
3189	2
2274	24
3097	36
2273	2
3525	47
2271	10
2270	48
2267	2
2266	2
2264	34
2703	17
2262	46
4576	22
3634	20
2261	10
2259	2
4009	2
2258	13
2257	22
2256	2
2316	24
2253	10
2468	24
3970	21
2252	2
3193	24
2251	2
2250	26
2249	2
2973	9
5476	2
4152	19
2247	22
2275	9
5892	32
2246	20
2245	48
3685	17
2242	17
2651	2
5051	2
2657	2
2239	6
2237	9
2235	2
2234	32
2233	2
3293	10
2232	32
3232	13
2230	20
5033	10
2229	9
3284	14
3435	48
2224	27
2223	2
3508	46
2222	40
2756	17
2221	32
2292	20
2217	2
2216	2
2212	2
2211	24
2209	2
2208	2
2206	2
2203	2
2199	19
2198	24
2196	2
5189	22
2192	24
2191	10
2189	9
4389	19
4012	19
2187	21
3944	27
3123	2
5593	17
2185	34
2184	50
2182	2
2181	2
4834	9
2180	53
2179	34
2891	10
2178	9
5639	2
2175	13
2947	2
2172	13
2171	21
2170	17
2169	10
3888	17
2168	2
2167	21
2160	9
3680	42
2159	2
2158	2
3235	2
2157	10
2437	9
3329	2
2156	22
2616	9
2153	17
2152	46
3639	36
3585	17
2151	2
2150	2
3161	10
2149	2
2147	46
2146	22
2145	10
5910	29
5115	2
5089	53
2745	32
2143	2
2142	19
5257	2
4475	17
2141	19
2140	2
2137	2
2134	2
5438	2
2132	2
2131	6
2130	54
3737	2
4241	19
2128	54
5362	10
5224	29
2127	2
2289	32
4474	2
2126	32
2125	6
4485	2
3392	48
2124	22
2530	2
2122	2
2119	19
2118	48
2163	34
2115	47
2114	2
2113	19
4311	14
3858	34
2112	2
2241	46
4450	13
2110	2
2106	2
2244	2
2528	5
2105	21
4593	2
2104	14
3532	9
2103	2
2102	24
5000	22
2419	10
3875	2
2101	21
2463	2
2098	2
2096	19
2095	10
2093	17
5567	46
2092	2
2512	32
2091	18
4374	40
2089	34
3266	24
2088	17
2348	10
2083	9
2081	19
3610	41
2080	2
2078	10
5774	9
2369	17
2077	32
2254	22
2076	47
4238	6
3292	36
2074	24
2073	2
2070	22
2236	21
2297	24
2066	22
3557	40
2063	20
2060	2
3636	24
5211	17
2059	7
2058	48
2056	24
2054	54
2053	46
2052	2
2711	19
4657	29
2050	7
2594	19
5039	6
3211	2
2049	9
2048	2
3635	2
2046	7
2038	17
5369	2
2036	2
2031	2
3340	9
2028	32
2375	21
2881	32
5116	2
3234	24
5879	35
4556	2
2027	2
2397	9
4565	22
2021	7
4078	26
2509	10
2018	24
2778	17
2016	19
5973	9
2013	10
3460	10
2011	46
3179	21
2849	2
4935	2
4613	2
2009	47
2002	22
2001	20
4214	13
1994	32
2879	13
5188	2
1990	2
1988	2
1980	2
1974	2
1973	26
1969	2
2387	2
3934	32
5312	2
1967	7
4362	48
1966	2
5403	48
1958	17
1957	47
5126	6
3601	2
4522	46
1956	17
2493	2
1955	2
1953	9
1951	13
3489	20
3314	7
1941	2
3242	7
3817	24
1940	5
1938	29
1954	24
1937	22
3464	10
5993	10
1931	9
4261	2
3699	9
1926	2
4553	2
1925	18
3113	32
5028	7
2751	13
5430	32
1920	10
1917	2
1916	19
4647	24
1915	20
2005	2
1913	2
4048	34
1912	22
3747	2
1911	18
1910	2
1909	2
4435	9
1907	9
3563	19
1904	17
4776	2
1903	46
1898	18
1896	3
4103	10
2514	6
1921	21
1895	20
3173	9
1894	10
1893	9
1891	2
1888	14
2225	2
3816	2
2593	19
4789	7
1884	2
2483	27
5730	10
1883	43
1878	7
1875	24
3912	19
1874	27
2658	13
1873	17
1872	19
3277	2
1869	10
1867	2
1866	2
1863	2
1857	22
1993	2
1856	22
4066	24
1854	19
3465	2
1852	32
2173	9
1850	29
1847	2
5068	2
1846	2
1844	9
4229	2
4126	19
1836	42
1835	21
3564	19
1833	2
1829	10
3191	7
1828	2
4496	26
1827	9
3870	32
5982	2
1825	6
2485	13
3868	2
1822	2
2320	32
1821	2
1809	2
4032	47
1808	24
1806	46
5996	6
4430	2
1804	46
1802	7
2470	2
2777	32
1797	2
1796	20
1795	20
4057	14
1841	21
1793	40
1792	7
1996	2
1791	2
3946	6
1789	46
2655	19
1788	24
3752	2
3178	2
1786	2
3306	2
1851	6
1785	2
2012	6
3650	48
2195	24
1783	2
1782	2
1779	12
3480	17
1777	47
2794	6
2842	2
1771	2
1767	17
1766	13
3607	32
1763	47
1762	2
1760	6
1758	19
2193	10
2302	12
4864	20
2515	2
1757	21
1756	29
1765	2
3376	19
3405	2
1753	2
2845	32
4028	17
1749	2
1746	2
1745	29
1834	44
1744	24
3041	9
1740	28
1739	17
3366	20
1737	24
5552	48
1736	47
3365	2
4189	6
1732	35
1731	2
3037	6
3038	2
1728	2
3393	48
1727	22
2043	2
1726	26
1724	2
2654	24
4125	46
1719	2
5913	2
5040	10
1799	7
1718	2
3919	24
1713	46
2587	2
1711	14
1710	2
1706	9
1702	2
1701	24
3491	2
3736	10
1697	51
2035	2
1691	20
1689	24
5558	9
3678	40
4938	13
1686	32
1685	2
2584	17
3383	2
1880	32
1683	2
3195	22
1679	51
1674	34
2391	24
1842	17
1671	10
2448	2
1670	18
1668	2
1667	2
3567	6
1887	2
1665	7
4468	2
2020	19
5623	10
1999	9
1664	6
4888	46
3220	2
1663	2
1824	9
1661	2
4725	7
1658	2
5536	17
1655	2
3512	21
1673	2
3168	6
1654	19
5138	9
1651	2
4068	36
2577	2
4714	35
2872	22
5469	17
1650	2
1649	29
1823	9
1646	5
4030	54
4016	2
1645	2
1750	2
1644	47
1838	19
1642	48
5165	17
4940	2
1639	19
3297	24
1637	2
1632	2
1631	18
3582	2
3779	46
1630	32
1629	2
1627	21
3662	10
1619	2
5343	17
1991	32
1616	29
2486	2
4005	34
1615	19
2338	2
5043	32
4461	2
1613	2
2390	10
5473	6
1609	2
1606	13
4680	13
1605	19
5611	2
2364	10
1602	2
1601	24
1599	27
5501	9
1598	40
1592	9
3432	2
1591	27
2430	2
4955	48
1588	6
3881	9
5723	17
1587	2
1585	26
3328	17
5556	13
1584	9
1581	2
1579	2
1576	9
1864	9
1574	10
1573	2
1571	24
4720	24
1570	9
3651	29
4274	2
1569	17
2880	24
1568	17
3624	7
1567	2
1566	17
4730	10
2007	13
3474	21
1565	2
1564	2
1563	19
1561	2
2456	46
5659	2
1560	9
1558	2
4195	2
1556	2
1555	22
1551	13
1550	17
2467	10
1548	2
2600	2
5581	20
1545	21
1540	2
2926	10
3632	2
1539	17
2044	2
5334	13
1538	2
1534	2
5520	2
4250	32
1582	24
3059	2
1532	24
2914	10
1531	9
1527	24
1524	17
1776	2
1522	10
1521	6
1519	2
1518	24
1516	2
2596	2
1660	2
3171	9
1514	2
1513	17
4707	21
4667	6
1510	17
1509	2
3773	9
3806	54
2024	19
1506	22
2795	46
3262	10
1960	10
3044	6
1504	13
1501	19
4611	2
1500	5
4900	10
1498	19
4627	2
1943	24
5937	32
4232	17
1497	10
1494	22
1936	13
1492	2
1933	24
1489	34
3116	2
1520	2
1488	13
4543	2
1487	2
1481	24
1479	2
3959	2
1478	2
5010	5
1475	22
3457	32
4134	36
1472	34
4662	13
1945	2
2589	54
1618	2
1471	34
1470	2
2300	2
1468	2
3200	16
1467	19
2707	24
1466	24
1465	34
1493	22
1464	43
1463	10
1461	2
5193	2
3886	9
1865	32
1458	2
1457	9
3910	36
1722	6
1979	51
1455	2
1623	34
3769	13
2885	19
1454	2
1453	2
5423	9
1452	24
1450	42
1583	21
2022	21
1449	32
1448	25
3015	2
1447	44
1444	2
5941	20
5745	10
5457	21
1441	6
5199	22
1439	17
1437	24
1662	9
1712	2
2812	2
1435	24
1434	2
2884	32
1433	19
2023	32
1870	10
1431	24
5431	20
3287	2
1430	2
5337	6
1425	21
1831	2
2458	9
1557	2
1423	2
2378	2
4861	10
1421	42
1420	13
4480	19
1417	34
4188	2
1416	2
1734	32
1415	2
2679	32
3799	2
4257	27
2010	40
1413	19
1410	24
1407	19
2343	6
3670	10
4849	2
1405	2
3312	42
1404	17
2683	13
1403	32
5517	10
1402	6
5353	2
2094	24
1397	2
1394	29
4476	10
1393	2
1390	32
1389	40
1388	42
1387	2
5994	29
1879	42
1385	17
4395	2
1384	2
3949	2
3994	19
4448	29
1382	18
1380	2
2210	43
1379	19
1751	42
1950	32
1375	24
2799	2
1372	6
4406	7
1371	2
3389	20
3194	10
1965	2
1370	2
1367	2
3418	10
5150	54
1365	24
1364	10
1362	2
1755	24
1360	17
1547	24
1355	29
1352	2
3753	26
2283	6
4289	9
1351	17
2174	46
1349	9
1597	6
1345	2
2717	32
2739	6
1342	13
1339	42
1985	2
1337	10
1332	26
3222	24
2401	42
5223	2
1331	2
1330	17
1386	20
1328	47
1807	2
4069	10
1327	34
1326	2
1322	17
1320	10
1316	53
5516	20
1314	17
1313	22
1311	6
1307	10
1304	2
1302	35
3172	6
1300	48
3487	2
1299	24
1438	2
1298	29
2645	2
1294	2
1293	32
1292	2
1764	24
1289	24
3199	9
2663	40
1340	2
2661	2
1288	10
3066	44
4329	2
1282	2
2082	2
3043	40
2006	2
5878	10
3275	2
1281	2
1280	9
1621	2
1278	13
4994	13
1277	10
2034	22
1276	2
1285	24
5494	24
1275	32
1270	32
5504	22
1267	20
2072	3
2039	24
3645	6
4070	32
2459	2
3321	2
1264	21
2133	2
4654	27
1262	32
5968	32
1261	9
1259	42
2905	6
4997	2
3643	2
1368	26
1258	2
1256	2
4992	2
1254	9
2942	6
1252	2
1251	17
1409	2
1246	2
2219	2
1244	6
2869	9
3108	2
5233	13
1647	17
2214	7
2040	21
1242	53
4128	2
1978	2
1240	9
4429	9
1334	13
4945	20
1559	10
1238	9
2713	2
3571	17
1236	2
1235	2
1230	9
2323	17
2123	26
1228	2
2107	2
3879	2
1227	48
3750	27
4094	19
1577	10
1226	9
2960	2
1338	19
2954	9
4811	2
1636	19
1224	2
2294	2
1223	18
1222	17
2461	46
3964	7
1217	9
3028	35
1553	2
1411	2
2317	2
1638	14
1215	48
3413	34
1213	2
1212	2
1211	2
1209	10
1207	2
3862	2
1239	2
1204	32
4775	2
3371	2
1503	2
5112	20
1199	24
2844	6
1198	40
4684	17
1229	29
1195	9
1192	19
3139	46
1885	2
1190	17
1188	2
1187	10
1186	2
5481	14
3382	36
1185	54
1677	24
1184	2
5933	17
1182	17
1426	22
1572	2
1179	17
1486	2
3712	40
5649	22
1178	29
1176	9
2821	2
2004	24
1175	10
1837	2
2854	2
1174	32
1173	2
3143	36
2758	2
1172	7
5491	19
3891	46
1798	9
2638	2
1170	2
4011	2
1168	32
1167	32
1659	2
1165	2
3397	2
1164	6
1684	13
1163	13
1301	19
1162	19
1161	17
1160	17
1159	24
3590	7
1158	6
3476	22
3629	19
4676	2
1715	9
1157	32
2953	24
1156	2
1155	2
1152	24
2087	34
4792	9
1150	46
1149	3
2759	17
3469	32
1146	20
1484	2
1145	54
4901	22
4700	9
1144	2
2108	26
2381	24
4098	9
1975	9
1142	2
3463	7
5808	13
1141	7
1140	27
1604	4
1138	7
4878	26
4443	24
1137	9
2090	22
1135	2
1607	24
4369	9
1133	48
5669	10
1816	6
1132	9
2033	2
4029	10
1131	29
1129	48
3398	19
1427	2
2330	9
1127	20
1126	10
5865	2
4922	2
1125	2
1392	9
3829	9
5317	10
1124	7
1119	35
5070	10
3924	24
1118	26
1117	2
3483	32
1115	32
5238	13
2785	48
1110	2
1109	24
3622	2
1383	2
5141	46
1250	24
4460	29
1419	48
1106	32
4368	2
3521	19
4185	26
1105	6
1103	9
3218	24
5192	13
2030	9
1102	2
2003	6
1101	2
3357	40
1963	2
5578	2
4035	32
1100	42
1099	32
1098	9
1517	2
5647	10
4575	2
1474	17
3561	4
2725	17
1097	2
4975	36
1096	19
1093	9
4814	20
1882	27
1087	51
1366	46
1085	7
3794	2
4690	2
1084	2
5919	9
1083	19
1080	2
1490	9
1081	10
1078	9
1743	17
3513	17
1077	32
4910	32
1075	2
3672	13
1074	17
4591	46
1072	17
2866	2
1070	10
1068	9
1067	4
4809	34
1853	24
2875	34
1065	32
1064	32
1063	9
1059	19
3196	2
1116	35
2639	2
1057	48
1056	6
1610	42
4453	19
1203	24
1499	32
1055	2
2218	9
1840	9
5544	17
1054	24
3825	2
3796	2
1053	19
1374	24
1052	34
3954	19
4681	35
1729	2
1051	17
1297	42
3486	48
3153	9
1050	4
1049	7
3294	24
1048	2
1047	2
1046	6
1255	2
1045	2
3526	36
1044	2
1961	7
1066	17
1716	52
1043	10
4387	12
2701	2
5927	2
4661	32
1784	2
1042	2
1041	2
4292	2
1805	7
1040	17
1038	2
1037	17
1932	2
4738	10
2874	10
1036	2
1035	17
3142	9
1034	9
1817	2
1030	34
2836	46
3183	9
1029	34
5797	32
1422	2
1028	22
1241	50
1027	17
1025	2
1640	19
1169	20
1151	2
1024	24
2731	2
3517	21
1693	46
1020	20
1378	2
1018	18
3553	2
1013	2
1987	3
1012	2
1011	2
1010	2
1946	48
5468	17
3289	24
1009	14
5588	2
1005	2
1721	54
5634	2
1001	9
1922	2
1000	9
1305	42
1357	34
998	34
3775	2
6035	51
1944	2
996	2
1720	32
994	2
5690	32
991	2
2357	2
990	2
2213	32
1309	2
986	32
5782	2
984	10
982	2
4053	26
3591	27
979	10
977	24
969	40
963	32
2205	9
2607	13
961	9
1552	2
959	9
3141	17
957	17
1811	35
2682	40
3359	2
4894	2
1208	10
1406	9
943	24
3186	2
1220	46
942	9
2771	10
3621	17
941	2
935	19
932	2
3822	12
930	20
2227	19
1350	2
929	9
1344	32
925	22
919	24
918	13
4563	2
1861	24
916	2
1069	2
5882	24
3660	10
915	10
910	12
2923	24
909	22
927	13
1554	17
4939	20
3120	19
4237	42
906	2
5404	9
5001	46
2336	19
5220	2
1859	48
904	6
2373	46
3019	20
903	54
2852	32
901	2
2045	32
3815	46
899	2
3648	2
5615	17
2161	32
5336	22
896	7
895	24
1653	2
2551	10
893	10
5135	7
892	2
890	9
1705	13
5378	2
889	22
2783	9
1820	2
4428	2
886	9
2061	10
1315	2
884	6
5734	2
933	40
882	2
1962	9
880	47
1858	2
869	2
1194	24
3228	9
867	54
5653	21
3240	36
4919	17
866	2
2260	7
1818	6
1249	2
864	2
863	17
861	17
4487	34
860	32
4365	36
1700	21
856	17
5497	2
854	21
853	7
2422	32
5521	21
4276	15
852	10
1183	40
851	2
850	2
1432	19
848	32
3873	6
847	10
845	48
837	24
4896	46
2388	13
836	17
1594	10
2964	2
833	2
1263	42
832	2
5099	18
831	32
3378	24
5235	9
830	2
2183	24
3237	2
5778	21
5134	32
2985	44
829	54
883	22
827	24
4774	2
1855	6
1033	22
826	2
4920	48
1608	27
931	2
2084	32
2111	9
4165	2
1927	7
2109	46
822	32
821	22
1672	6
5900	2
1113	32
3882	2
873	2
1002	2
3451	9
3661	2
810	17
1442	17
808	32
807	54
3391	2
805	2
4437	10
1324	48
4228	32
804	32
803	2
2718	17
5320	13
801	42
2873	17
798	2
797	46
1589	2
894	24
795	26
790	40
1257	2
789	2
788	24
3140	19
4404	17
786	9
815	6
2721	2
2918	46
1279	24
785	6
1775	46
782	19
1528	2
781	2
1495	46
1019	19
1972	2
3067	2
783	2
1914	2
779	5
3482	42
1329	2
777	34
972	9
774	2
773	7
3549	21
1839	2
771	19
2469	2
1512	20
1747	26
769	47
1274	2
768	17
2753	32
5018	48
766	10
2345	22
770	2
4762	2
762	2
757	2
792	22
755	10
753	9
2668	17
2826	2
3528	6
1058	21
2136	6
752	19
1091	22
1004	10
1666	34
1290	13
751	44
750	2
2629	24
2202	5
5766	40
1446	25
745	7
744	2
5304	9
948	34
742	32
767	2
740	54
4816	17
739	2
3069	2
737	2
970	29
5093	10
735	19
734	46
2632	24
5728	54
4445	46
731	10
3025	32
4075	2
4376	19
1676	24
729	2
4055	2
799	22
5471	46
3056	9
1007	24
728	10
725	32
2576	2
5322	48
1062	6
721	9
720	47
3509	6
4202	9
3791	45
716	2
923	9
713	47
3734	13
1717	2
3848	6
2659	2
3136	24
2851	54
708	2
1939	10
707	2
5975	9
699	2
2606	17
4976	6
1424	4
5989	13
698	47
736	48
2935	2
3324	2
5498	9
692	10
691	42
1536	2
4517	22
690	32
4330	36
689	46
3030	21
685	2
4561	13
875	10
2069	9
2924	2
684	10
682	2
3962	43
679	24
678	10
1017	10
1772	9
3761	54
1877	19
5062	22
676	17
3655	36
674	24
3830	9
4061	7
673	10
857	54
671	10
2154	54
1361	6
5190	2
1533	2
4560	32
953	9
5083	32
4740	2
670	17
2047	2
2215	2
3925	36
902	24
6010	46
668	7
2912	13
4921	32
1692	20
3820	50
2325	2
4883	42
665	9
2042	24
664	2
2155	46
3759	26
693	24
842	32
878	2
3603	2
1725	34
806	2
663	17
3843	54
661	22
1682	10
2999	6
4051	2
660	10
4579	9
659	42
658	9
2728	2
5542	29
819	6
687	2
657	2
1202	3
3355	48
754	9
2767	10
656	24
920	10
1436	48
3772	27
3833	47
1139	26
3915	35
732	9
655	20
3170	17
4074	2
1399	9
746	2
653	9
3061	2
759	17
1696	27
5637	9
649	2
5842	22
4874	9
648	6
647	9
1754	21
5545	2
646	19
645	34
3304	9
4966	9
2026	9
644	17
1114	2
3344	10
643	24
4977	6
642	24
4260	34
641	2
3683	10
3027	6
825	2
640	17
2746	32
5228	24
1905	2
962	21
639	2
2838	24
1704	2
638	40
2285	24
1094	2
637	10
730	27
1886	10
718	2
3951	2
1491	9
636	26
4097	10
681	17
2346	2
635	6
1890	29
634	20
1346	9
1400	17
633	22
3409	51
1428	2
2562	2
814	24
5149	2
3118	10
3267	10
632	24
5565	17
631	2
995	29
5067	2
1541	7
629	32
1976	2
5080	32
1333	24
2238	10
628	22
944	32
2194	46
3857	22
625	22
4794	17
1071	17
624	2
623	26
791	6
1982	42
2228	2
622	29
1626	2
620	54
619	32
956	13
1418	2
618	2
3122	6
5401	10
616	2
1395	13
1232	6
614	10
612	17
1942	35
1480	22
613	22
2135	19
5012	17
4759	36
611	2
5248	40
2416	2
3880	32
1469	46
607	19
4927	13
4300	2
606	2
5426	17
3219	17
5185	6
604	19
2014	47
602	19
968	2
601	6
1032	10
600	21
599	2
2067	22
3471	17
1860	27
1014	51
1694	29
1234	2
2099	22
1881	48
1104	48
5530	34
597	24
2628	40
5952	6
615	2
596	24
595	2
594	9
2946	9
2361	2
2672	2
592	9
5065	2
4106	46
741	6
683	24
2517	2
1210	48
5241	6
5221	27
3743	2
587	18
586	13
695	48
584	29
583	2
987	10
4865	32
1868	2
580	2
5359	2
578	10
1022	2
576	9
816	47
575	10
574	19
573	2
1308	2
911	2
3026	2
1245	42
3441	29
5154	2
677	5
3716	46
570	19
1543	24
569	9
1596	29
2820	2
3783	9
1271	46
568	32
2798	2
3330	32
1826	2
2386	9
980	13
4373	10
567	2
3742	2
5839	32
1971	17
566	10
1723	9
1681	2
563	17
870	24
2598	29
562	29
939	24
561	10
843	17
3233	2
764	40
812	32
3346	2
560	2
2086	2
610	9
784	19
2165	19
559	34
557	13
556	6
3905	10
555	22
553	24
2071	17
552	32
1919	5
5709	9
1193	21
2177	9
1015	9
551	2
5871	7
879	19
1283	7
5195	2
550	13
2834	2
5402	19
547	54
546	6
3698	17
2037	43
1549	2
541	2
540	22
3574	2
1325	2
2017	43
2384	2
838	35
921	48
539	2
538	10
2315	10
1233	2
2166	6
2938	17
2732	17
535	46
1633	32
3402	19
1511	2
1502	48
3972	24
534	2
3387	2
564	2
1130	17
3745	14
3831	17
532	42
3379	18
530	4
898	27
1752	19
528	48
5821	54
526	2
844	9
5603	9
1191	2
4136	32
525	10
523	25
2566	48
522	10
521	6
794	9
937	2
519	13
4140	7
733	24
518	2
603	34
3386	9
1253	32
666	54
517	13
3420	2
516	32
515	6
662	19
1611	2
512	32
2772	17
5828	10
5443	24
2656	2
2190	2
3696	10
508	4
667	2
2675	37
686	7
507	6
506	2
505	24
1476	2
2329	6
3444	6
3921	10
504	19
503	2
3105	17
5853	54
502	2
499	22
627	32
1964	2
497	17
3871	9
4796	2
3495	2
5081	13
2000	24
811	24
1862	17
3249	9
2376	2
3475	43
489	22
2525	20
5294	2
1273	18
3492	10
2497	2
488	2
487	2
481	14
1741	2
2366	2
3187	2
891	2
480	10
3834	36
1590	27
479	9
1323	17
478	10
5706	9
2025	6
1440	32
473	7
1983	48
472	2
5739	10
465	13
2057	24
4178	32
1092	10
4408	24
1708	32
554	2
464	2
3244	2
4746	34
460	12
1709	24
2972	24
1219	19
2575	34
960	24
462	32
1984	34
4758	2
2652	2
617	2
459	2
3515	6
1687	24
2322	48
2352	9
3713	36
457	2
455	10
2641	9
452	21
747	10
449	17
558	2
2684	10
448	2
4530	48
4503	2
868	4
447	2
5272	20
548	25
445	2
442	2
652	2
824	17
696	32
4708	2
572	2
2552	2
981	2
440	6
2097	7
4377	10
702	2
2263	40
4552	2
1947	34
439	2
2733	22
3878	36
1769	2
1526	17
438	10
609	6
435	6
1970	2
454	2
2982	19
5367	6
4577	14
2176	22
4783	27
828	20
3628	17
4500	10
432	2
2268	2
3869	2
5549	42
430	10
1738	2
426	2
4063	18
1952	2
5263	10
1801	48
423	15
3782	2
1648	17
700	9
3832	46
5746	42
1123	26
3082	36
5674	42
966	32
420	2
419	2
5103	10
444	29
418	17
413	2
2961	26
412	9
876	47
1643	24
409	32
5915	26
1197	19
849	20
3127	13
3975	13
3542	17
5682	19
406	2
4367	10
3316	6
405	10
905	2
2496	32
4541	2
404	2
1923	32
402	40
1354	2
3000	7
1023	2
1482	29
399	10
397	48
5326	10
1773	2
1929	46
395	32
2116	2
758	32
2079	17
704	54
2516	2
393	2
900	2
3008	2
4578	43
1849	22
1089	9
3623	29
513	24
4729	2
390	2
5696	2
389	54
1265	21
388	9
386	2
4056	36
433	2
3767	42
1735	10
2358	24
385	13
4551	19
382	2
1930	54
381	2
380	6
651	19
2499	19
1177	2
376	48
1730	2
374	2
373	10
2240	17
4054	7
372	2
2697	2
5748	7
1295	2
371	19
1612	25
1073	22
514	13
5024	17
370	17
1376	40
415	24
3396	2
369	24
874	24
410	27
3144	17
1814	2
414	13
3317	17
366	2
3608	32
365	20
5572	20
3501	2
4291	19
1381	2
3272	2
417	2
1742	17
2462	10
431	2
364	2
3703	13
363	2
1451	2
1774	48
362	2
3936	10
1122	2
492	9
2269	6
5939	24
697	29
989	19
2615	2
4065	9
2807	6
3400	5
1343	22
361	2
4095	46
357	17
356	2
2277	24
5106	3
621	17
2064	2
3436	32
355	2
4226	5
1523	7
2578	17
3727	24
3579	19
354	7
352	2
349	19
2200	10
1800	2
3694	46
345	27
2822	2
1284	15
1669	9
1625	9
358	6
5775	29
2472	2
343	24
471	6
1819	48
342	46
1845	2
954	40
3332	24
4279	24
1981	19
341	6
2991	2
340	2
1535	2
1496	34
1086	26
335	6
334	17
3005	24
5399	2
1456	21
2313	24
403	9
4755	2
333	2
1359	9
396	10
5922	2
1675	47
332	20
2882	24
375	24
4868	13
331	9
3481	6
5785	21
520	2
329	17
881	6
630	21
328	21
1108	9
326	20
5956	29
865	2
3205	24
324	2
859	2
2121	48
323	22
3714	29
317	2
5305	40
316	2
3931	2
456	48
315	6
608	10
2265	9
4166	26
1995	46
314	2
2623	48
5373	24
543	22
2727	10
313	20
311	17
5393	35
321	2
2574	34
2609	2
3156	10
5869	2
1180	15
310	2
1778	24
384	10
2508	2
5265	2
2139	48
1398	29
2129	2
3616	2
5086	40
760	2
3906	32
5594	29
307	21
5460	2
305	7
5719	46
1657	29
304	54
303	2
1918	2
424	10
299	40
2255	10
500	2
298	17
2248	2
297	2
3428	2
775	32
988	2
545	32
1336	22
3063	2
3014	2
3331	24
5201	2
296	17
680	2
5670	10
5311	35
5300	10
293	2
1128	10
2296	2
3047	10
796	32
292	13
353	24
291	2
1902	48
1136	21
290	17
289	2
2998	22
976	48
5604	4
287	10
3052	17
885	2
1120	7
284	17
5695	2
1908	9
496	2
2197	32
1617	17
1016	54
283	46
3151	2
1369	24
2792	42
3150	19
1061	20
482	2
282	2
5213	2
281	2
280	9
278	2
320	19
3046	10
3667	2
1695	34
817	7
6030	2
408	21
2853	13
5905	9
275	2
337	40
274	10
3018	2
272	19
3894	2
3897	17
2309	17
3544	2
3874	24
3950	34
491	24
270	46
269	17
325	27
5599	27
1341	19
778	24
2120	20
3164	2
1781	24
703	24
4100	10
1603	2
268	2
267	40
394	2
1303	10
3335	14
1871	2
1507	2
5180	24
4299	2
712	46
3691	2
4952	7
1578	25
368	32
266	9
1897	2
2272	2
265	17
2829	10
486	2
264	17
3884	26
262	10
765	2
787	46
3112	2
257	19
2634	2
255	10
1848	2
1095	19
2553	2
254	46
709	25
1076	48
245	2
813	2
3647	47
243	32
5663	29
511	2
1803	10
1688	10
241	46
401	21
4669	6
1412	17
2752	43
4793	10
239	10
965	9
236	32
2714	22
1680	10
917	19
1121	6
233	2
1505	22
3493	24
232	22
2201	32
228	9
383	2
3049	6
5875	2
249	2
295	54
2305	2
225	2
428	48
1373	17
694	19
224	21
5810	13
501	2
2709	2
723	19
1843	2
2288	2
719	10
220	2
219	9
212	2
3394	24
6001	20
2051	2
1166	9
705	9
877	2
5793	27
4573	2
888	3
210	2
3598	19
207	48
1515	7
422	24
263	40
1363	2
1196	2
2782	6
2560	17
206	2
1181	48
204	17
427	2
2907	2
201	47
199	2
2987	24
3072	10
3980	20
434	34
2427	32
195	2
3771	2
1989	2
2117	32
193	32
3132	2
3730	6
229	10
3361	32
1287	17
463	17
1143	2
192	13
4328	19
946	2
5005	2
4752	2
3724	2
5050	2
191	7
509	6
190	2
3558	32
1060	2
277	54
4318	2
2716	2
188	2
952	30
186	7
5143	2
823	13
2015	46
1090	2
185	24
4856	19
2333	27
2665	9
4470	13
348	7
1593	32
940	2
1401	9
183	22
1231	9
871	10
2207	9
1698	50
1537	32
182	17
3443	2
5264	20
251	19
5957	10
180	46
176	6
2994	46
2138	2
3842	2
407	17
3594	2
5236	10
175	32
169	10
1832	9
924	2
5781	32
1901	19
3291	43
168	14
467	2
338	17
2868	2
286	9
3352	34
2062	25
166	2
577	2
4336	54
198	40
5319	2
2041	46
3089	10
3135	2
527	47
4438	24
165	21
5079	36
309	32
253	2
164	6
1614	2
196	2
162	7
531	6
4251	19
161	19
591	2
160	13
474	46
159	2
1318	2
259	34
347	2
5419	22
1892	2
1310	22
437	4
4151	17
158	24
3851	17
490	2
246	2
155	32
887	19
701	27
181	9
1529	21
3827	6
151	2
483	24
150	21
5169	17
1317	2
2220	9
2460	9
706	2
218	2
5528	2
1148	24
5633	46
149	13
2527	2
301	47
167	2
5164	17
147	5
189	10
3075	2
5703	32
1003	46
993	10
1205	6
146	19
4316	6
983	43
1296	29
3751	13
215	43
510	2
1948	10
748	26
672	9
145	27
2301	34
4824	2
1079	2
4715	2
3257	2
144	24
714	10
3282	29
1031	9
143	2
5354	48
1111	4
416	2
142	19
1780	54
3885	6
322	17
1641	2
3375	2
141	2
139	2
5044	2
222	40
2855	2
5408	2
4954	2
138	46
1459	2
1977	19
1968	4
1216	2
134	24
5208	10
4424	51
133	19
131	32
1600	19
772	24
1790	17
129	34
1414	17
872	17
2945	34
938	10
209	19
5965	9
1699	2
163	2
820	2
248	32
2243	48
5909	9
132	9
2642	26
571	2
4346	19
1575	2
127	2
443	17
2481	2
2890	24
441	21
126	19
955	22
122	14
498	32
120	6
1690	2
250	10
1154	34
3901	34
238	9
4107	2
226	24
928	26
1356	54
130	13
5349	34
1678	24
118	22
4327	48
1580	2
840	2
4133	17
1959	13
776	40
1321	43
1759	32
589	9
743	46
722	2
5433	13
140	2
2286	2
5868	10
468	17
116	46
4135	2
1812	2
115	24
153	24
425	34
429	32
5444	48
110	9
950	2
3285	2
109	2
4019	10
5686	10
108	22
2332	9
1473	6
2610	21
1088	19
4748	2
172	18
5056	17
1319	10
466	2
4555	22
453	13
1237	24
997	9
4832	10
1214	6
276	2
107	2
2801	24
1286	9
3798	6
6009	40
834	2
470	6
4624	10
112	2
2164	34
3778	2
1562	24
4044	2
542	5
5442	40
106	17
2148	2
223	13
105	2
1530	2
104	10
524	2
1935	2
101	24
999	10
360	2
964	17
458	24
1206	40
3578	34
605	2
2144	29
1998	54
202	2
3922	6
1272	50
2282	24
4801	43
157	2
582	22
3679	2
4396	24
273	9
4781	17
100	34
2677	2
3180	2
3341	24
958	19
1634	35
565	46
391	21
1153	2
934	7
99	10
4558	2
738	10
121	10
3642	7
4050	2
5519	19
5427	31
1748	50
1006	2
237	13
529	6
1876	2
1460	2
1815	10
451	19
2226	10
1377	17
98	9
3197	54
96	20
3050	7
536	17
4285	36
3803	54
351	42
2008	9
780	19
1306	2
2085	24
91	46
89	7
1243	34
710	17
5554	47
235	10
3523	24
1200	24
5003	2
1408	9
85	2
2586	2
4687	17
802	10
82	24
260	21
971	2
78	2
3408	2
77	32
2188	24
1768	24
598	2
1391	48
103	24
4022	10
4797	6
156	26
76	24
3158	13
4024	2
5858	2
5092	2
485	2
227	2
2909	54
294	10
74	22
5410	2
749	17
726	13
846	32
3296	19
367	7
3965	2
2561	29
319	2
73	2
3710	19
1544	48
5006	2
4679	13
72	46
967	2
258	9
5570	17
1928	2
436	2
71	2
5254	17
5111	6
4780	2
339	22
3207	40
475	8
974	48
1652	2
247	10
152	2
839	13
2567	24
4120	6
379	32
835	2
350	10
70	2
117	46
985	2
197	46
67	32
2809	40
862	10
3107	12
66	17
4462	2
64	19
61	26
841	24
2595	2
5389	34
1595	2
60	2
4750	2
711	29
4828	29
58	20
2415	2
1830	24
4132	2
102	19
128	10
57	42
484	2
200	9
5214	2
312	2
3787	2
2831	13
4527	24
79	2
3319	40
4484	9
279	2
230	10
3425	17
2662	32
4264	46
1813	2
56	2
1268	24
52	42
179	2
5921	20
5435	2
3982	32
177	22
3981	2
1525	2
48	19
992	2
49	2
2328	2
2476	17
1810	24
92	34
936	46
947	26
3715	47
47	5
2404	2
763	22
4212	34
818	19
3447	2
90	2
717	19
4217	32
46	2
43	46
2454	6
171	2
3442	2
1112	21
244	26
3401	20
327	19
205	2
62	24
242	2
1266	17
1291	2
42	24
2650	34
87	17
2471	21
461	46
1924	48
40	2
400	2
2537	2
39	10
84	2
1189	2
1147	32
3362	32
494	2
377	2
907	2
626	2
975	24
5309	17
1396	6
306	20
51	19
37	32
1348	10
1269	2
135	13
912	2
44	32
2904	22
3876	2
1082	2
36	2
1542	19
3793	24
5854	24
4174	32
2304	32
469	22
1335	2
68	9
945	2
1260	24
5759	2
208	2
59	2
1622	6
973	10
3534	10
5938	17
93	2
2787	20
1508	19
34	17
590	13
3078	9
28	10
2507	24
3411	7
1443	2
2699	7
3160	10
203	40
25	40
1624	2
5735	17
2572	10
922	2
5142	19
285	2
2075	24
4130	6
951	9
2186	9
221	10
24	10
3081	21
1703	2
1546	17
858	54
1900	10
308	9
30	32
724	9
3035	17
378	2
4039	19
1445	17
4739	2
63	2
897	2
54	2
3986	24
4618	32
544	2
4743	17
1899	24
86	10
2374	2
5625	10
170	2
4862	2
581	24
21	46
5923	34
2800	24
271	14
5704	22
53	2
1620	2
1347	22
477	2
450	20
4401	2
187	24
398	24
4722	36
1934	2
19	2
1358	22
1707	2
38	24
88	2
727	9
4968	2
476	34
1986	2
5972	6
2065	2
3940	2
18	46
579	2
252	2
1021	9
421	6
17	46
6015	3
94	19
1656	22
793	2
2405	32
3927	2
29	2
3917	2
123	2
2299	10
913	17
3159	2
114	2
3889	32
55	9
1107	2
35	42
1787	2
1247	17
16	29
392	17
12	10
4942	2
174	21
2100	54
1353	4
4091	32
446	2
1225	2
949	2
330	21
97	2
10	9
533	32
1733	17
5574	32
27	17
3301	24
2429	2
31	2
217	24
346	17
344	2
9	27
4440	2
194	35
2436	2
1218	34
240	6
5020	6
675	40
2068	17
1134	6
5661	19
261	6
2019	14
5108	22
211	10
2450	2
5278	2
2411	2
1429	9
5289	2
26	17
1201	42
3033	2
4682	2
2479	24
3040	24
4933	22
756	47
5848	2
214	2
585	6
588	2
1992	2
288	10
4481	3
761	2
4386	5
1889	48
14	7
5518	46
688	6
4168	15
4116	7
1949	6
593	32
5716	21
173	10
3974	10
4197	54
1628	19
2298	6
75	9
2539	7
3243	2
8	9
809	19
2766	2
184	19
2326	19
20	2
81	19
4205	36
1485	24
216	2
495	10
3090	2
411	27
914	19
549	3
1635	24
537	2
95	9
7	9
33	32
302	9
300	21
3914	2
1039	21
41	29
234	50
3562	13
1248	2
2440	2
650	26
6	19
1483	21
136	19
4574	2
3103	2
855	2
2032	2
2029	18
2418	14
908	17
493	19
5490	7
5463	17
15	2
65	2
113	22
978	19
2433	2
3209	9
231	32
50	2
2055	29
3265	17
318	3
13	2
359	10
4	9
4911	2
125	2
119	17
2334	6
5926	9
387	2
178	6
1008	2
3	2
1586	21
80	17
3892	2
800	13
1171	21
5514	2
336	19
3895	54
1997	27
124	10
2	10
654	13
1026	2
45	2
1312	2
3058	17
1221	24
1714	2
4936	9
69	24
11	2
1794	2
256	19
3738	2
148	42
2162	19
669	17
715	46
1477	2
23	32
2859	18
111	22
1	19
137	2
3364	27
1906	2
2204	26
2932	9
5	2
4216	7
1462	6
0	22
3268	10
5420	9
213	32
926	32
1770	6
4245	36
2231	7
32	26
83	10
154	2
1761	10
4052	26
22	29
